2222222222222222222222222222222222222222222
200000500000500000500000000000000000000000222
200000000000000000000000000000000000000000002
200000000000000000000000000000000000000011202
200000000000000000000000000000000001100000202
200000000000000000000000001666100000000000202
200000000000000000000000000222000000000000202
200000000011110000000000000000000000000000202
200000000000000000000000000000000000000000202
201166666666666611110000000011001100000000202
200222666662222222000000000020002210000011202
200022222222222000000000000120000221661000202
210000000000000000116666666200000022222000202
200000000000000000222222222000000000000000202
200000000166666661000222200001666110001000202
200000000022222220000000000000222000002660202
211110000000000000000000000000000000002660202
222221111000000000000110011001100110002220262
222222222111111111166666666666666666612000222
2222222222222222222222222666666666611000002
2222222222222222222222222222222222222222252
2000000000000000000000000000000000000000002
2000000000000000000000000000000000000000002
2000000000000000000000000000000000000000002
2000000000000000000000000000000000000000002
2000000000000000000000000000000000000000002
2000000000000000000000000000000000000000002
2000000000000000000000000000000000000000002
2000000000000000000000000000000000000000002
2000000000000000000000000000000000000000002
2000000000000000000000000000000000000000002
2111111111111111111111111111111111111111112